544013
544451
544454
544474
544510
544512
544551
544564
544640
544797
544911
544184
544185
544390
544391
544392
544475
544549
544550
544582
544583
544652
544694
544696
544754
544813
544896
544476
544477
544028
544032
544091
544095
544098
544116
544121
544122
544123
544124
544167
544180
544389
544490
544491
544511
544513
544514
544515
544567
544568
544585
544614
544653
544672
544674
544692
544693
544767
544794
544795
544492
544508
544518
544548
544565
544580
544739
544742
544868
544886
544887
544894
