544167
544180
544184
544454
544510
544511
544512
544513
544514
544515
544518
544548
544549
544550
544568
544580
544582
544583
544585
544614
544795
544797
544813
544013
544116
544121
544122
544185
544389
544390
544391
544392
544451
544475
544476
544551
544564
544652
544693
544694
544739
544742
544754
544767
544794
544886
544887
544028
544032
544091
544095
544098
544477
544490
544491
544492
544508
544640
544868
544123
544124
544474
544565
544567
544653
544672
544674
544692
544696
544894
544896
544911
